AAML (in paml version 4.9h, March 2018)  03_seq.phy
Model: Empirical,  Global clock  (wag.dat) dGamma (ncatG=5) ns = 167  ls = 10045


Frequencies..
                                    A      R      N      D      C      Q      E      G      H      I      L      K      M      F      P      S      T      W      Y      V
GNM12749                       0.08158 0.07888 0.02876 0.05001 0.01538 0.02993 0.06808 0.08604 0.02383 0.07865 0.07935 0.05881 0.02547 0.02571 0.04273 0.05388 0.05494 0.00681 0.02371 0.08745
GNM12665                       0.08441 0.06411 0.03366 0.04584 0.01336 0.02596 0.07415 0.08591 0.01923 0.07672 0.08986 0.07511 0.02190 0.02778 0.04082 0.05471 0.05065 0.00577 0.02511 0.08494
GNM12903                       0.08397 0.08146 0.02719 0.04056 0.00937 0.02136 0.07072 0.07883 0.01759 0.07460 0.09574 0.07449 0.01828 0.02913 0.04753 0.03907 0.04227 0.00948 0.03393 0.10442
GNM15013                       0.06123 0.05680 0.04371 0.04582 0.01394 0.02829 0.06208 0.07644 0.01900 0.09776 0.08594 0.11128 0.02238 0.02914 0.03864 0.05300 0.05405 0.00823 0.01943 0.07285
GNM11003                       0.06673 0.05873 0.03886 0.04530 0.00799 0.02132 0.07416 0.07450 0.01499 0.09659 0.09126 0.09637 0.02054 0.02953 0.03986 0.05285 0.04397 0.00722 0.03575 0.08349
GNM11225                       0.07997 0.09718 0.02330 0.04520 0.01321 0.02156 0.07632 0.07754 0.01930 0.08588 0.09631 0.06572 0.02069 0.02417 0.04364 0.05216 0.04103 0.00817 0.02347 0.08519
GNM13046                       0.07036 0.05296 0.04034 0.04654 0.01348 0.02719 0.06003 0.07579 0.02142 0.08906 0.08786 0.09809 0.02207 0.02806 0.03969 0.06448 0.05361 0.00685 0.02381 0.07829
GNM11383                       0.07587 0.05646 0.03793 0.04665 0.01319 0.03030 0.06039 0.07674 0.01962 0.08655 0.08742 0.09331 0.02202 0.02965 0.03848 0.06290 0.05494 0.00698 0.02322 0.07739
GNM15018                       0.07037 0.05702 0.03576 0.04960 0.01285 0.02587 0.06361 0.07779 0.02109 0.07861 0.08883 0.09756 0.02258 0.02950 0.04038 0.05999 0.06065 0.00709 0.02192 0.07894
GNM13876                       0.08312 0.08268 0.02634 0.04000 0.01122 0.02456 0.07045 0.08001 0.01800 0.06290 0.09868 0.07034 0.02089 0.02800 0.04334 0.05245 0.04956 0.00667 0.02645 0.10434
GNM11220                       0.07455 0.09016 0.02408 0.04354 0.01451 0.01594 0.07257 0.08136 0.01682 0.07004 0.10324 0.07180 0.02012 0.02826 0.04805 0.04629 0.04002 0.00858 0.02650 0.10357
GNM13018                       0.06432 0.06398 0.03834 0.04572 0.00851 0.02371 0.06897 0.07362 0.01475 0.10051 0.09268 0.09257 0.01849 0.02802 0.03812 0.05593 0.04481 0.00817 0.03562 0.08315
GNM13064                       0.05633 0.05380 0.05101 0.05034 0.01079 0.02823 0.05979 0.06925 0.01691 0.10228 0.09016 0.08856 0.01878 0.03036 0.03689 0.08044 0.05473 0.00653 0.02517 0.06965
GNM12351                       0.08104 0.06392 0.03654 0.05803 0.01353 0.02574 0.06599 0.08595 0.01952 0.07864 0.08213 0.06795 0.02509 0.02890 0.03709 0.05639 0.05596 0.00556 0.02345 0.08857
GNM13061                       0.08288 0.07435 0.02835 0.04444 0.00805 0.02042 0.07123 0.08156 0.01718 0.07435 0.09742 0.07988 0.02174 0.02703 0.04120 0.05790 0.03748 0.00805 0.03447 0.09201
GNM13297                       0.07562 0.07407 0.02881 0.04308 0.01042 0.02713 0.06546 0.08076 0.01685 0.07202 0.09697 0.08218 0.02006 0.02855 0.04424 0.06520 0.04231 0.00797 0.02894 0.08938
GNM14593                       0.06754 0.07652 0.02794 0.04095 0.01077 0.01941 0.07988 0.07237 0.01874 0.09525 0.09234 0.08504 0.02008 0.02659 0.04409 0.05071 0.04510 0.00718 0.03029 0.08920
GNM10046                       0.07866 0.07723 0.02640 0.04026 0.00781 0.01903 0.08801 0.07976 0.01793 0.08801 0.08636 0.08823 0.02024 0.03047 0.04587 0.03234 0.04378 0.00924 0.02860 0.09175
GNM11034                       0.08966 0.09988 0.02025 0.04188 0.01042 0.02379 0.07471 0.07983 0.01730 0.05564 0.10126 0.05427 0.01868 0.02831 0.04345 0.04896 0.04286 0.00786 0.02418 0.11679
GNM12125                       0.08463 0.09119 0.02341 0.03851 0.00936 0.02072 0.07293 0.07878 0.01896 0.07573 0.09493 0.06754 0.01885 0.02247 0.05127 0.03886 0.04425 0.01147 0.03090 0.10523
GNM13825                       0.08731 0.10327 0.02072 0.04100 0.00986 0.02150 0.07501 0.07967 0.01684 0.05618 0.10216 0.05230 0.01884 0.02659 0.04798 0.04731 0.04288 0.00920 0.02781 0.11357
GNM12938                       0.06371 0.06514 0.04012 0.04420 0.00816 0.02293 0.06944 0.07374 0.01477 0.09931 0.09203 0.09313 0.01686 0.02811 0.03957 0.05643 0.04376 0.00738 0.03615 0.08509
GNM13795                       0.06867 0.05263 0.04055 0.04902 0.01355 0.02699 0.06551 0.07556 0.01965 0.08900 0.08606 0.09826 0.02146 0.03129 0.03671 0.06189 0.05862 0.00666 0.02214 0.07578
GNM14366                       0.07757 0.06219 0.03705 0.04572 0.01419 0.02860 0.06154 0.07638 0.02037 0.08624 0.08776 0.08949 0.02145 0.02882 0.03781 0.06078 0.05406 0.00683 0.02362 0.07952
GNM14768                       0.08744 0.08997 0.02010 0.04109 0.01121 0.02186 0.07811 0.07844 0.01857 0.08283 0.10392 0.06712 0.02307 0.02406 0.04757 0.05119 0.03702 0.00703 0.02636 0.08305
GNM13074                       0.07897 0.07555 0.02621 0.03988 0.00809 0.02074 0.08797 0.08033 0.01812 0.09059 0.08671 0.08968 0.02051 0.03099 0.04512 0.03179 0.04410 0.00889 0.02735 0.08842
GNM11223                       0.07509 0.08955 0.02409 0.04323 0.01312 0.01713 0.07670 0.08218 0.01941 0.08406 0.09544 0.07281 0.02142 0.02824 0.04511 0.04899 0.04109 0.00736 0.02369 0.09129
GNM14640                       0.07699 0.07539 0.02719 0.04234 0.01297 0.02605 0.07390 0.07871 0.02123 0.07883 0.09191 0.08514 0.02088 0.02903 0.04464 0.04762 0.04750 0.00757 0.02134 0.09076
GNM12897                       0.06821 0.05873 0.03563 0.04816 0.01297 0.02920 0.05906 0.07802 0.02147 0.08608 0.08935 0.09360 0.02201 0.03073 0.03966 0.06418 0.05274 0.00665 0.02343 0.08009
GNM12745                       0.06460 0.05606 0.04741 0.05641 0.01361 0.02457 0.07313 0.07383 0.01742 0.09644 0.08144 0.09044 0.02180 0.02665 0.03807 0.05018 0.05375 0.00577 0.02930 0.07913
GNM14252                       0.06957 0.05345 0.03830 0.04934 0.01417 0.02629 0.06460 0.07650 0.01991 0.08634 0.08754 0.09868 0.02121 0.02997 0.03820 0.06427 0.05616 0.00703 0.02294 0.07552
GNM12931                       0.06720 0.07998 0.03383 0.04166 0.00829 0.01657 0.06985 0.07710 0.02014 0.09988 0.09321 0.08458 0.01853 0.02509 0.04776 0.04039 0.04396 0.00909 0.03533 0.08757
GNM14748                       0.06856 0.05320 0.04122 0.04902 0.01378 0.02733 0.06562 0.07567 0.01943 0.08685 0.08764 0.09792 0.02044 0.03027 0.03738 0.06020 0.05952 0.00666 0.02225 0.07703
GNM13677                       0.08271 0.08094 0.02531 0.04008 0.01121 0.02398 0.07139 0.08105 0.01787 0.06262 0.10125 0.07128 0.01887 0.02765 0.04308 0.05296 0.04952 0.00711 0.02676 0.10436
GNM12869                       0.06915 0.05415 0.03816 0.04860 0.01403 0.02631 0.06709 0.07731 0.01979 0.08242 0.08698 0.09644 0.02207 0.03044 0.03795 0.06274 0.05817 0.00707 0.02305 0.07807
GNM12356                       0.06604 0.04916 0.04610 0.04939 0.01461 0.02050 0.07329 0.07759 0.01880 0.10104 0.08111 0.10478 0.02367 0.02979 0.03840 0.05233 0.04656 0.00521 0.03024 0.07136
GNM13027                       0.06494 0.05997 0.04009 0.04495 0.00773 0.02352 0.07156 0.07333 0.01480 0.10215 0.09155 0.09840 0.01999 0.02971 0.03987 0.04981 0.04440 0.00751 0.03523 0.08051
GNM13062                       0.09203 0.07750 0.02472 0.04460 0.00919 0.02405 0.06163 0.08936 0.01771 0.05562 0.09871 0.07249 0.02105 0.02505 0.04109 0.06631 0.04994 0.00752 0.02255 0.09888
GNM13993                       0.05756 0.05062 0.05079 0.04876 0.01337 0.02759 0.06281 0.06822 0.01608 0.10496 0.09142 0.08735 0.01828 0.03013 0.03707 0.08143 0.05282 0.00643 0.02573 0.06856
GNM12773                       0.06523 0.06247 0.03877 0.04119 0.01173 0.02623 0.06696 0.07444 0.01760 0.10331 0.09158 0.09975 0.01967 0.03417 0.04096 0.05706 0.04924 0.00748 0.02278 0.06937
GNM12896                       0.06652 0.05872 0.03521 0.04875 0.01343 0.02622 0.06035 0.07909 0.02059 0.08689 0.08917 0.09382 0.02178 0.03012 0.04052 0.06392 0.05417 0.00704 0.02340 0.08028
GNM12915                       0.07879 0.08179 0.02586 0.04317 0.00710 0.01964 0.08567 0.08046 0.01798 0.08978 0.08590 0.08412 0.01986 0.03063 0.04583 0.03396 0.04228 0.00932 0.02741 0.09045
GNM14249                       0.07090 0.05324 0.03809 0.04773 0.01411 0.02616 0.06666 0.07676 0.01985 0.08628 0.08582 0.09787 0.02272 0.03017 0.03798 0.06264 0.05805 0.00711 0.02306 0.07480
GNM11377                       0.09184 0.06474 0.02973 0.04619 0.01119 0.02897 0.06561 0.07999 0.01854 0.07450 0.08328 0.08602 0.02458 0.02754 0.03895 0.05607 0.04926 0.00669 0.02359 0.09271
GNM12596                       0.08439 0.06583 0.03336 0.04562 0.01337 0.02618 0.07578 0.08494 0.01911 0.07743 0.09025 0.07500 0.02198 0.02795 0.04142 0.05247 0.05136 0.00585 0.02419 0.08351
GNM12551                       0.08226 0.09412 0.02120 0.05085 0.01340 0.01955 0.10302 0.08391 0.01988 0.06129 0.08600 0.05997 0.01845 0.02416 0.05349 0.03152 0.03943 0.00868 0.02581 0.10302
GNM11804                       0.07742 0.07133 0.02880 0.04175 0.01207 0.01750 0.09458 0.07930 0.01628 0.08041 0.08750 0.09702 0.01949 0.03134 0.03998 0.03865 0.04109 0.00687 0.02780 0.09082
GNM12071                       0.10072 0.07803 0.02665 0.08175 0.00804 0.02677 0.09064 0.08836 0.02281 0.04910 0.07707 0.03589 0.01585 0.02677 0.03794 0.04682 0.05906 0.00612 0.02125 0.10036
GNM13745                       0.06196 0.05420 0.05262 0.04615 0.01164 0.02731 0.05535 0.06944 0.01883 0.10610 0.09330 0.09517 0.01581 0.03120 0.03709 0.07907 0.05362 0.00633 0.02358 0.06124
GNM15000                       0.07177 0.05702 0.03703 0.05058 0.01315 0.02549 0.06480 0.07687 0.02120 0.07835 0.08680 0.09726 0.02281 0.03072 0.03810 0.06279 0.05849 0.00751 0.02173 0.07754
GNM12766                       0.06849 0.06376 0.03458 0.04821 0.01476 0.01859 0.08178 0.07739 0.01938 0.09339 0.08573 0.10150 0.02129 0.02929 0.04202 0.03695 0.04438 0.00597 0.02884 0.08370
GNM12895                       0.06907 0.05956 0.04437 0.04834 0.01268 0.02443 0.05956 0.07118 0.02060 0.09826 0.08518 0.09033 0.02562 0.02787 0.03513 0.05996 0.05124 0.00726 0.02866 0.08069
GNM14990                       0.06947 0.05389 0.04136 0.04908 0.01194 0.02418 0.06132 0.07428 0.01995 0.09015 0.09117 0.09875 0.02185 0.02971 0.03962 0.06641 0.05433 0.00801 0.02024 0.07428
GNM11805                       0.06562 0.05998 0.04679 0.05290 0.00876 0.01919 0.06718 0.07810 0.01823 0.10113 0.08409 0.08889 0.02699 0.03107 0.03323 0.06418 0.04679 0.00456 0.03419 0.06814
GNM14965                       0.07532 0.06606 0.03613 0.04647 0.01241 0.02993 0.06084 0.07869 0.01916 0.09142 0.08979 0.07923 0.02111 0.02808 0.03690 0.06258 0.05213 0.00686 0.02492 0.08195
GNM14545                       0.06915 0.08777 0.02340 0.05053 0.01556 0.01569 0.06689 0.07899 0.01636 0.09335 0.09335 0.07035 0.02194 0.02753 0.04654 0.05598 0.03790 0.00864 0.03351 0.08657
GNM11023                       0.08930 0.09778 0.02175 0.04046 0.00794 0.01740 0.07494 0.08745 0.01827 0.06428 0.09332 0.05906 0.02001 0.02338 0.04905 0.04427 0.04372 0.01120 0.02882 0.10757
GNM14853                       0.06677 0.05824 0.04185 0.04867 0.01286 0.02611 0.06730 0.07609 0.02060 0.08317 0.08776 0.09983 0.02309 0.02978 0.03673 0.06061 0.05418 0.00682 0.02060 0.07897
GNM15027                       0.08926 0.07381 0.02665 0.03704 0.01093 0.02052 0.06208 0.07967 0.01706 0.06794 0.10125 0.08952 0.01812 0.02798 0.04556 0.05649 0.04290 0.00933 0.02878 0.09512
GNM12385                       0.09767 0.08425 0.02590 0.04901 0.01260 0.02754 0.07386 0.08868 0.02205 0.06464 0.08366 0.05321 0.02450 0.02672 0.04329 0.04551 0.05554 0.00653 0.02462 0.09020
GNM13680                       0.08722 0.06611 0.03053 0.04490 0.01122 0.02806 0.06634 0.07947 0.01931 0.07655 0.08508 0.08508 0.02425 0.02694 0.03850 0.05848 0.04905 0.00707 0.02469 0.09114
GNM12996                       0.06638 0.06349 0.03818 0.04573 0.00788 0.02342 0.06860 0.07326 0.01532 0.09957 0.09291 0.09191 0.01854 0.02808 0.03774 0.05561 0.04484 0.00810 0.03519 0.08525
GNM12907                       0.08659 0.08226 0.02393 0.04159 0.00946 0.02131 0.07144 0.07839 0.01686 0.06437 0.09753 0.06996 0.01698 0.03145 0.04899 0.03897 0.04113 0.01003 0.03270 0.11610
GNM12768                       0.08579 0.08341 0.02433 0.04335 0.01171 0.03219 0.06347 0.08359 0.02177 0.06475 0.09475 0.06676 0.01866 0.02634 0.04262 0.05597 0.05378 0.00805 0.02286 0.09585
GNM13066                       0.05830 0.05465 0.05298 0.04658 0.01370 0.03060 0.05237 0.07246 0.01735 0.10336 0.08601 0.09195 0.01644 0.03121 0.03608 0.07657 0.05754 0.00655 0.02573 0.06957
GNM10010                       0.08061 0.08505 0.02558 0.04161 0.00728 0.01876 0.08823 0.08084 0.01842 0.07857 0.08823 0.08050 0.02047 0.03240 0.04616 0.03115 0.04537 0.00944 0.02604 0.09528
GNM14776                       0.08735 0.08702 0.02099 0.04057 0.01164 0.02186 0.07647 0.07886 0.01871 0.08365 0.10323 0.07103 0.02284 0.02458 0.04721 0.05069 0.03742 0.00696 0.02611 0.08278
GNM12909                       0.08014 0.08003 0.02765 0.04186 0.00918 0.02227 0.06940 0.07634 0.01735 0.08317 0.09358 0.07332 0.01623 0.02877 0.04757 0.04074 0.04287 0.01019 0.03671 0.10264
GNM12126                       0.08072 0.07952 0.02559 0.04042 0.01076 0.01768 0.08193 0.07974 0.01878 0.06513 0.09522 0.08094 0.01933 0.02449 0.04942 0.03987 0.04228 0.00999 0.03306 0.10511
GNM11382                       0.07266 0.05625 0.03545 0.05108 0.01255 0.02796 0.06000 0.07739 0.02158 0.08686 0.08730 0.09412 0.02246 0.02983 0.03787 0.06231 0.05526 0.00672 0.02301 0.07937
GNM12602                       0.08192 0.06502 0.03443 0.04631 0.01337 0.02706 0.07358 0.08448 0.01839 0.07946 0.09058 0.07443 0.02139 0.02684 0.04085 0.05336 0.05390 0.00588 0.02567 0.08309
GNM11367                       0.06725 0.05487 0.04332 0.04974 0.01413 0.02674 0.06468 0.07484 0.01996 0.08441 0.08803 0.09877 0.02335 0.03036 0.03678 0.06351 0.05359 0.00665 0.02137 0.07764
GNM14483                       0.08936 0.07746 0.02438 0.04305 0.01050 0.02566 0.06498 0.08481 0.01610 0.06043 0.09624 0.07151 0.01937 0.02671 0.04223 0.06930 0.04970 0.00735 0.02147 0.09939
GNM10014                       0.08078 0.08000 0.02670 0.04199 0.00720 0.01906 0.08742 0.08233 0.01906 0.07889 0.08753 0.08089 0.02150 0.03136 0.04609 0.03324 0.04443 0.00953 0.02748 0.09452
GNM12849                       0.07128 0.05155 0.03957 0.04855 0.01386 0.02716 0.06019 0.07682 0.02084 0.09112 0.08735 0.09733 0.02317 0.03193 0.03802 0.06130 0.05642 0.00709 0.02239 0.07405
GNM13855                       0.05886 0.05597 0.04653 0.04697 0.01321 0.02443 0.06219 0.07163 0.01777 0.09617 0.09361 0.09439 0.01921 0.03232 0.03498 0.07351 0.04931 0.00655 0.02687 0.07551
GNM14445                       0.06867 0.06065 0.03872 0.04724 0.01216 0.02920 0.05965 0.07556 0.01830 0.09211 0.09336 0.08985 0.01892 0.03083 0.03972 0.06805 0.05025 0.00764 0.02243 0.07669
GNM15005                       0.06951 0.05254 0.04206 0.04607 0.01272 0.02568 0.06150 0.07375 0.02050 0.09083 0.08942 0.10226 0.02180 0.03157 0.03770 0.06480 0.05396 0.00695 0.02062 0.07575
GNM13928                       0.07026 0.05341 0.03811 0.04890 0.01443 0.02863 0.06377 0.07676 0.02026 0.08667 0.08744 0.09681 0.02258 0.03095 0.03700 0.06222 0.05837 0.00694 0.02181 0.07467
GNM12554                       0.09273 0.07378 0.02801 0.04839 0.01514 0.02884 0.06663 0.08605 0.02217 0.07509 0.08033 0.06698 0.02515 0.02849 0.04267 0.04815 0.05638 0.00644 0.02312 0.08546
GNM14339                       0.08150 0.08705 0.02437 0.04037 0.01175 0.02405 0.06942 0.08357 0.01926 0.07323 0.10664 0.06159 0.01980 0.02187 0.04461 0.05419 0.04429 0.00871 0.02786 0.09587
GNM11491                       0.08648 0.07966 0.02559 0.05039 0.01296 0.02067 0.06369 0.09274 0.02101 0.07017 0.08637 0.06927 0.02447 0.02838 0.04045 0.06134 0.05184 0.00670 0.02324 0.08458
GNM12346                       0.08509 0.06744 0.02997 0.05112 0.01317 0.02852 0.06672 0.08666 0.01813 0.07880 0.07928 0.07832 0.02683 0.02369 0.04109 0.04979 0.05233 0.00628 0.02707 0.08968
GNM14450                       0.06771 0.06012 0.04518 0.04677 0.01384 0.02351 0.05988 0.07114 0.01935 0.09942 0.08547 0.09000 0.02535 0.02682 0.03600 0.06110 0.05277 0.00735 0.02755 0.08069
GNM14971                       0.07195 0.04787 0.03724 0.05039 0.01736 0.02604 0.06663 0.06915 0.01820 0.09406 0.09154 0.09294 0.02212 0.03220 0.03752 0.06775 0.05039 0.00617 0.02268 0.07782
GNM13455                       0.06860 0.05397 0.03877 0.04860 0.01385 0.02737 0.06112 0.07788 0.02134 0.08827 0.08950 0.09587 0.02358 0.03061 0.03788 0.06358 0.05453 0.00715 0.02223 0.07531
GNM14055                       0.06034 0.05282 0.04947 0.04596 0.01187 0.02858 0.05833 0.07454 0.01872 0.09460 0.09126 0.10196 0.02123 0.03042 0.03677 0.06017 0.05900 0.00752 0.02006 0.07638
GNM14994                       0.06246 0.05431 0.04119 0.04686 0.01425 0.02205 0.05785 0.08089 0.02134 0.10075 0.07948 0.10039 0.02063 0.03339 0.03481 0.06494 0.05821 0.00468 0.02063 0.08089
GNM11032                       0.08448 0.09549 0.02294 0.03749 0.00988 0.02536 0.07087 0.08280 0.01585 0.07311 0.10369 0.06397 0.01865 0.02387 0.04215 0.05035 0.04401 0.00802 0.02667 0.10034
GNM14138                       0.06743 0.07354 0.03639 0.03944 0.01247 0.02799 0.07303 0.07608 0.01934 0.09084 0.08880 0.08371 0.02087 0.03257 0.04122 0.05445 0.04733 0.00713 0.02061 0.08677
GNM14633                       0.06737 0.05812 0.04037 0.04849 0.01412 0.02737 0.06512 0.07512 0.02112 0.08399 0.08886 0.09949 0.02275 0.02925 0.03725 0.06037 0.05399 0.00712 0.02150 0.07824
GNM11841                       0.09638 0.07526 0.02714 0.07713 0.00869 0.03195 0.09664 0.08996 0.02553 0.04745 0.07766 0.04010 0.01778 0.02901 0.03823 0.04398 0.05521 0.00642 0.01885 0.09664
GNM13060                       0.06723 0.05757 0.03867 0.04365 0.00630 0.02021 0.07251 0.07954 0.01626 0.09345 0.10019 0.10678 0.01933 0.02739 0.03984 0.05024 0.03706 0.00791 0.03838 0.07749
GNM12906                       0.08605 0.07980 0.02578 0.04174 0.00926 0.02243 0.07042 0.07902 0.01719 0.07065 0.09375 0.07176 0.01719 0.02879 0.04900 0.04018 0.04297 0.01049 0.03371 0.10982
GNM11375                       0.06994 0.05356 0.03778 0.04952 0.01333 0.02751 0.06517 0.07789 0.02042 0.08511 0.09036 0.09464 0.02213 0.03143 0.03778 0.06530 0.05478 0.00660 0.02189 0.07483
GNM14976                       0.06927 0.05398 0.04570 0.04642 0.01271 0.02356 0.06327 0.07398 0.01914 0.09269 0.08626 0.10483 0.02328 0.02913 0.03713 0.06298 0.05356 0.00657 0.01985 0.07569
GNM12886                       0.08074 0.06445 0.03201 0.04573 0.01072 0.02915 0.06216 0.08331 0.02072 0.07345 0.08602 0.08288 0.02429 0.02644 0.03973 0.06102 0.05159 0.00714 0.02401 0.09446
GNM11224                       0.07482 0.08912 0.02686 0.04208 0.01349 0.01775 0.08036 0.07840 0.01925 0.08347 0.09580 0.07240 0.02214 0.02790 0.04381 0.04773 0.04277 0.00784 0.02363 0.09039
GNM15025                       0.06186 0.05329 0.04807 0.04347 0.01526 0.03009 0.05747 0.07565 0.01923 0.09488 0.09049 0.10679 0.01902 0.02968 0.03532 0.05831 0.05914 0.00752 0.02132 0.07315
GNM14959                       0.07458 0.08161 0.03537 0.04800 0.00824 0.01933 0.06591 0.07854 0.01582 0.08392 0.09304 0.06788 0.02098 0.02614 0.04624 0.04163 0.04383 0.01109 0.03295 0.10490
GNM13538                       0.07735 0.07368 0.02905 0.04319 0.01008 0.02735 0.06531 0.07996 0.01688 0.07185 0.09868 0.08166 0.02002 0.02853 0.04450 0.06531 0.04201 0.00864 0.02866 0.08729
GNM14865                       0.09972 0.07766 0.02751 0.07387 0.00783 0.02822 0.08999 0.09059 0.02288 0.04660 0.07885 0.03901 0.01707 0.02763 0.03948 0.04672 0.05656 0.00605 0.02122 0.10256
GNM15019                       0.07061 0.04771 0.03944 0.05025 0.01166 0.02651 0.06361 0.07782 0.02078 0.08885 0.08927 0.09733 0.01930 0.03287 0.03605 0.06595 0.05916 0.00700 0.01993 0.07591
GNM13208                       0.08752 0.08417 0.02590 0.04476 0.00893 0.02233 0.06631 0.07703 0.01808 0.07513 0.09835 0.06609 0.01987 0.02601 0.04689 0.04845 0.03851 0.01005 0.03516 0.10047
GNM13126                       0.07184 0.07095 0.03731 0.05400 0.00949 0.01998 0.06766 0.08069 0.01568 0.09156 0.07576 0.08284 0.02846 0.02972 0.03845 0.05856 0.04667 0.00506 0.03339 0.08195
GNM11055                       0.07934 0.07719 0.03024 0.04514 0.01196 0.01761 0.08814 0.08069 0.01715 0.07471 0.08532 0.08385 0.02393 0.03171 0.03972 0.04288 0.04006 0.00700 0.02708 0.09626
GNM14872                       0.09161 0.06497 0.02915 0.04619 0.01157 0.02861 0.06584 0.08080 0.01878 0.07349 0.08299 0.08648 0.02457 0.02719 0.03876 0.05492 0.05099 0.00677 0.02370 0.09260
GNM11380                       0.06864 0.05749 0.03367 0.04721 0.01332 0.02620 0.06301 0.07882 0.02090 0.08597 0.08997 0.09474 0.02209 0.03032 0.04017 0.06475 0.05316 0.00693 0.02317 0.07947
GNM13760                       0.06849 0.05540 0.03735 0.04829 0.01354 0.02697 0.06386 0.07842 0.02031 0.08789 0.09094 0.09873 0.02065 0.03035 0.03701 0.06273 0.05562 0.00688 0.02166 0.07492
GNM15017                       0.06592 0.05398 0.04032 0.05227 0.01473 0.02428 0.06012 0.06899 0.01985 0.09288 0.08845 0.09561 0.02360 0.03077 0.04374 0.06660 0.05056 0.00654 0.02189 0.07889
GNM13982                       0.06732 0.05467 0.04306 0.04968 0.01405 0.02658 0.06489 0.07475 0.01985 0.08439 0.08845 0.09867 0.02287 0.03041 0.03703 0.06384 0.05351 0.00673 0.02124 0.07800
GNM15028                       0.07374 0.05238 0.03993 0.04811 0.01466 0.02783 0.06413 0.07125 0.01929 0.08512 0.09473 0.08726 0.02071 0.03352 0.03922 0.07231 0.05238 0.00577 0.01893 0.07872
GNM13128                       0.06743 0.06632 0.03748 0.05264 0.01011 0.02083 0.06953 0.07964 0.01541 0.09344 0.07853 0.09024 0.02515 0.02872 0.03871 0.05757 0.04746 0.00481 0.03341 0.08259
GNM14837                       0.06798 0.05596 0.03861 0.04937 0.01494 0.02608 0.06355 0.07647 0.01988 0.09115 0.08710 0.09356 0.02140 0.03051 0.03836 0.06381 0.05507 0.00722 0.02329 0.07571
GNM11358                       0.05781 0.05714 0.04585 0.04618 0.01219 0.02449 0.06307 0.07101 0.01856 0.09829 0.09393 0.09158 0.02080 0.03299 0.03578 0.07235 0.04909 0.00637 0.02717 0.07537
GNM14995                       0.06129 0.06067 0.04387 0.04729 0.01588 0.02615 0.06036 0.07466 0.01806 0.08959 0.08524 0.10576 0.02179 0.03268 0.03548 0.06253 0.05134 0.00624 0.02304 0.07808
GNM14166                       0.07004 0.05712 0.03407 0.04766 0.01258 0.02717 0.06046 0.07783 0.02060 0.08819 0.08986 0.09654 0.02060 0.02951 0.03942 0.06569 0.05378 0.00635 0.02338 0.07917
GNM14404                       0.06965 0.08364 0.02261 0.05016 0.01370 0.01710 0.06697 0.08124 0.01540 0.09494 0.09537 0.06697 0.02289 0.02755 0.04549 0.05849 0.03899 0.00805 0.03250 0.08830
GNM15024                       0.07218 0.05258 0.03765 0.05245 0.01467 0.02700 0.06374 0.07685 0.01934 0.08153 0.08906 0.09659 0.02129 0.03025 0.03752 0.06348 0.05738 0.00766 0.02298 0.07581
GNM15003                       0.06691 0.05368 0.04020 0.04779 0.01030 0.02451 0.06054 0.07181 0.02451 0.08774 0.09191 0.10466 0.02329 0.03039 0.03505 0.07328 0.04975 0.00833 0.02304 0.07230
GNM14992                       0.06801 0.05570 0.03886 0.04642 0.00972 0.03001 0.06239 0.07297 0.01598 0.09003 0.08765 0.10363 0.02073 0.03217 0.04080 0.06110 0.05462 0.00583 0.02159 0.08182
GNM13090                       0.08151 0.08060 0.02592 0.04251 0.00728 0.01978 0.08810 0.08071 0.01853 0.08276 0.08776 0.08230 0.02171 0.02990 0.04513 0.03194 0.04502 0.00932 0.02671 0.09253
GNM14938                       0.08686 0.09609 0.02104 0.03773 0.01072 0.02144 0.07709 0.08388 0.01805 0.05660 0.10233 0.05958 0.01846 0.02687 0.04533 0.04601 0.04520 0.00923 0.02538 0.11211
GNM11219                       0.08132 0.11400 0.01743 0.04102 0.01252 0.01797 0.08477 0.09131 0.01997 0.07007 0.09748 0.05518 0.02396 0.02323 0.04502 0.04211 0.03903 0.00944 0.02342 0.09076
GNM12366                       0.06679 0.05046 0.04343 0.04513 0.01383 0.02245 0.07688 0.07779 0.01826 0.08788 0.08765 0.10126 0.02200 0.03277 0.03674 0.05488 0.04808 0.00499 0.02653 0.08221
GNM11931                       0.11067 0.07402 0.02423 0.08439 0.00952 0.03231 0.08113 0.08981 0.02303 0.04183 0.07631 0.03134 0.01724 0.02688 0.03954 0.04834 0.05955 0.00591 0.02013 0.10380
GNM14174                       0.08299 0.06836 0.03094 0.04113 0.01371 0.02612 0.07318 0.07558 0.01704 0.08151 0.08707 0.09670 0.01964 0.03038 0.04372 0.04928 0.04298 0.00760 0.01871 0.09337
GNM12128                       0.06780 0.07970 0.03550 0.04321 0.01014 0.01709 0.06747 0.07529 0.01852 0.11278 0.09128 0.07166 0.01951 0.02646 0.04410 0.04994 0.03914 0.00926 0.03429 0.08687
GNM12182                       0.06763 0.06982 0.03326 0.04479 0.00845 0.02294 0.07224 0.07805 0.01636 0.08113 0.09200 0.08409 0.02393 0.02810 0.04062 0.05873 0.04600 0.00790 0.03096 0.09298
GNM13671                       0.06677 0.07264 0.03271 0.03808 0.01107 0.02281 0.07465 0.07851 0.01896 0.09461 0.09227 0.08254 0.01845 0.02684 0.04194 0.05519 0.04680 0.00621 0.02986 0.08908
GNM14030                       0.06293 0.05418 0.04810 0.04981 0.01293 0.02643 0.06084 0.07034 0.01825 0.10190 0.09183 0.08707 0.01673 0.03251 0.03498 0.08194 0.04924 0.00589 0.02395 0.07015
GNM12892                       0.07895 0.06734 0.03704 0.04881 0.01020 0.02841 0.06435 0.07503 0.01836 0.09528 0.08978 0.07534 0.02150 0.02590 0.03704 0.06153 0.04787 0.00644 0.02700 0.08382
GNM14999                       0.06894 0.05560 0.03980 0.04534 0.01272 0.02770 0.06258 0.07037 0.02093 0.08740 0.08925 0.09499 0.02154 0.03303 0.03857 0.06627 0.05765 0.00800 0.02236 0.07694
GNM12592                       0.09044 0.09000 0.02562 0.04730 0.01391 0.02080 0.07413 0.08661 0.02015 0.07544 0.08683 0.05737 0.02442 0.02584 0.04369 0.05135 0.04566 0.00602 0.02256 0.09186
GNM12841                       0.10095 0.07402 0.02539 0.07569 0.00846 0.03063 0.09928 0.08951 0.02229 0.04589 0.07914 0.03540 0.01597 0.02729 0.04052 0.04791 0.05685 0.00584 0.02062 0.09833
GNM12918                       0.07727 0.08123 0.02572 0.04155 0.00617 0.01990 0.08658 0.08169 0.01874 0.09077 0.08821 0.08402 0.02037 0.02968 0.04562 0.03398 0.04329 0.00919 0.02793 0.08809
GNM11146                       0.07309 0.08062 0.03732 0.04762 0.00831 0.02315 0.06091 0.07763 0.01694 0.08527 0.09358 0.06523 0.02071 0.02547 0.04585 0.04895 0.04396 0.01019 0.03344 0.10177
GNM12758                       0.07255 0.08429 0.02856 0.05251 0.01232 0.02004 0.08614 0.08326 0.01992 0.08038 0.08038 0.06806 0.02637 0.02568 0.04410 0.04698 0.04721 0.00679 0.02349 0.09097
GNM13515                       0.06417 0.05416 0.04490 0.05006 0.01471 0.02594 0.06053 0.07008 0.02139 0.08890 0.08965 0.09967 0.02063 0.03383 0.03717 0.06417 0.05431 0.00652 0.02093 0.07828
GNM13960                       0.06826 0.05365 0.04235 0.04566 0.01324 0.02637 0.06164 0.07409 0.02032 0.09132 0.08904 0.10046 0.02112 0.03116 0.03733 0.06438 0.05559 0.00719 0.02089 0.07591
GNM15014                       0.06676 0.05484 0.03731 0.04675 0.01191 0.02765 0.06631 0.06900 0.02000 0.09081 0.08609 0.10429 0.02270 0.03372 0.03821 0.06136 0.05462 0.00719 0.02315 0.07732
GNM12769                       0.06192 0.06518 0.04148 0.04429 0.01452 0.02459 0.06636 0.07688 0.01970 0.10458 0.08814 0.09465 0.02029 0.03407 0.04148 0.06192 0.04429 0.00681 0.02103 0.06784
GNM13053                       0.08198 0.07153 0.03395 0.04585 0.01233 0.02670 0.06515 0.07806 0.01785 0.07821 0.09127 0.07676 0.02060 0.02612 0.04367 0.06080 0.05064 0.00769 0.02322 0.08764
GNM11222                       0.08763 0.07808 0.02446 0.03653 0.01257 0.02061 0.07708 0.08646 0.01609 0.05948 0.10757 0.08261 0.01676 0.02731 0.04775 0.05127 0.04206 0.00804 0.02145 0.09618
GNM12883                       0.08543 0.06846 0.03185 0.04435 0.01131 0.02932 0.06563 0.07962 0.02009 0.07561 0.08707 0.08335 0.02262 0.02977 0.04167 0.05879 0.04733 0.00625 0.02188 0.08960
GNM12357                       0.06818 0.05119 0.04066 0.04984 0.01370 0.02186 0.07804 0.07826 0.01891 0.08540 0.08597 0.09967 0.02322 0.03126 0.03704 0.05437 0.04916 0.00487 0.02775 0.08064
GNM12040                       0.09328 0.07621 0.02944 0.07275 0.00829 0.03266 0.08611 0.08462 0.02536 0.06013 0.07868 0.03563 0.01658 0.02524 0.03909 0.05456 0.06545 0.00606 0.02202 0.08784
GNM15022                       0.06529 0.05682 0.04590 0.04523 0.00891 0.02362 0.06105 0.07932 0.02028 0.08935 0.08957 0.10138 0.02473 0.02718 0.03654 0.06863 0.05437 0.00691 0.01983 0.07509
GNM13413                       0.07197 0.08446 0.02647 0.04114 0.00825 0.01639 0.07231 0.08584 0.02143 0.07243 0.09363 0.06968 0.02017 0.02475 0.04710 0.04802 0.04401 0.00848 0.03335 0.11013
GNM11799                       0.06927 0.05146 0.04462 0.04570 0.01565 0.02771 0.06333 0.07269 0.01691 0.09212 0.09266 0.09698 0.02069 0.03131 0.03832 0.06477 0.05182 0.00576 0.02069 0.07755
GNM11360                       0.06883 0.05321 0.03971 0.04808 0.01428 0.02744 0.06258 0.07798 0.02086 0.09003 0.08824 0.09527 0.02298 0.03079 0.03793 0.06169 0.05544 0.00703 0.02253 0.07508
GNM15026                       0.06372 0.05903 0.04444 0.04271 0.01233 0.02344 0.05885 0.07517 0.02135 0.09549 0.08420 0.10365 0.02222 0.03003 0.03663 0.06337 0.05833 0.00729 0.02240 0.07535
GNM11362                       0.08311 0.07932 0.03131 0.05179 0.01376 0.02059 0.06198 0.07466 0.01918 0.08517 0.09123 0.07552 0.02579 0.02243 0.03717 0.05797 0.03922 0.00715 0.03056 0.09210
GNM13210                       0.07271 0.07844 0.02989 0.04099 0.00870 0.01683 0.07409 0.08279 0.01729 0.07718 0.09504 0.07764 0.01889 0.02634 0.04672 0.05004 0.04306 0.00824 0.03229 0.10283
GNM14980                       0.07170 0.05306 0.03820 0.05071 0.01512 0.02646 0.06479 0.07600 0.01995 0.08447 0.08421 0.09868 0.02177 0.03116 0.03820 0.06192 0.05814 0.00678 0.02229 0.07639
GNM13746                       0.06817 0.05983 0.03529 0.04556 0.00786 0.02272 0.06925 0.07590 0.01499 0.08944 0.09874 0.10467 0.01922 0.02647 0.04049 0.05366 0.03638 0.00737 0.03843 0.08557
GNM12373                       0.09110 0.06709 0.03413 0.04955 0.01448 0.02778 0.06768 0.08663 0.01989 0.07568 0.08086 0.06556 0.02790 0.02931 0.03955 0.05038 0.05461 0.00659 0.02707 0.08416
GNM14715                       0.09324 0.07763 0.02387 0.04740 0.00981 0.02532 0.06179 0.08856 0.01640 0.05231 0.09703 0.06737 0.01918 0.02610 0.04316 0.06748 0.04885 0.00814 0.02175 0.10462
GNM11381                       0.07780 0.05497 0.03824 0.04633 0.01219 0.03059 0.05896 0.07703 0.02017 0.08645 0.08711 0.09354 0.02139 0.02937 0.03990 0.06173 0.05730 0.00665 0.02272 0.07758
GNM12763                       0.06269 0.06965 0.03648 0.04867 0.01242 0.01721 0.07819 0.07683 0.01915 0.09586 0.08606 0.10920 0.02120 0.02701 0.04411 0.04297 0.04445 0.00673 0.02371 0.07740
GNM14639                       0.06327 0.05995 0.03707 0.04233 0.01293 0.02071 0.06658 0.07390 0.01625 0.09221 0.09564 0.10010 0.01693 0.03272 0.04050 0.05983 0.04336 0.00732 0.03043 0.08798
GNM12342                       0.07000 0.06382 0.03294 0.04758 0.01292 0.01716 0.08327 0.07743 0.01761 0.09390 0.08555 0.10534 0.01990 0.03031 0.04323 0.03500 0.04461 0.00618 0.02928 0.08395
GNM12902                       0.06344 0.07112 0.04959 0.05552 0.00873 0.01653 0.06553 0.07613 0.01699 0.10045 0.08171 0.08253 0.02852 0.03154 0.03445 0.06390 0.04388 0.00454 0.03690 0.06798
GNM13118                       0.08183 0.08229 0.02639 0.04160 0.00945 0.02017 0.07572 0.07768 0.01498 0.07042 0.10142 0.07526 0.01556 0.02639 0.04967 0.04771 0.04183 0.00818 0.02985 0.10361
GNM14246                       0.08228 0.08192 0.02539 0.04361 0.01293 0.02609 0.07264 0.08051 0.02186 0.07816 0.09814 0.07346 0.02304 0.02668 0.04455 0.04748 0.04525 0.00776 0.02045 0.08780
GNM11363                       0.08311 0.07932 0.03131 0.05179 0.01376 0.02059 0.06198 0.07466 0.01918 0.08517 0.09123 0.07552 0.02579 0.02243 0.03717 0.05797 0.03922 0.00715 0.03056 0.09210
GNM15001                       0.06534 0.05571 0.03547 0.04896 0.01542 0.02564 0.06689 0.07652 0.02082 0.08500 0.08558 0.09599 0.02390 0.03123 0.03701 0.06496 0.05590 0.00713 0.02313 0.07941

Homogeneity statistic: X2 = 3.69798 G = 3.73601 

Average                        0.07554 0.06885 0.03376 0.04722 0.01168 0.02411 0.06998 0.07880 0.01895 0.08286 0.08996 0.08323 0.02124 0.02865 0.04108 0.05506 0.04899 0.00735 0.02614 0.08655
(Ambiguity characters are used to calculate freqs.)


# constant sites:      0 (0.00%)

TREE #  1:  (((((((((149, 154), 32), (57, 20)), 69), 128), (((62, 12), (129, 5)), (22, 37))), ((((((94, 3), 68), 63), 104), (137, 100)), 164)), ((((((((((((((((((((((53, 78), 85), ((4, 148), 140)), 96), (112, 120)), 133), ((121, 141), 150)), (99, 152)), (110, 116)), 87), (((72, 111), (58, 91)), 139)), (((((((((50, 119), 155), 9), 167), 35), (31, 43)), ((((103, 88), (33, 23)), (79, 114)), (95, 109))), ((86, 151), 75)), 82)), 7), (((159, 8), 24), 70)), (((41, 108), 29), 117)), (((((97, 61), 145), (44, 107)), (55, 132)), (76, 115))), (52, 84)), (166, 153)), ((((((39, 13), 65), 131), 49), (77, 143)), (((158, 38), 73), 59))), ((((156, 93), 15), (16, 101)), 161)), ((((25, 67), (130, 17)), (10, 34)), (((19, 123), 21), (81, 89)))), (((((((90, 28), 165), (40, 127)), ((27, 98), 6)), 124), ((142, 144), 64)), ((56, 118), 11)))), (((((((((((2, 45), 71), 14), 134), 83), (((80, 60), 1), 157)), ((((147, 102), 48), (92, 135)), 126)), (106, 47)), ((113, 105), (54, 163))), ((((((125, 146), 36), 51), 162), ((30, 138), 160)), 46)), ((((66, 74), 122), 26), ((136, 42), 18))));   MP score: -1
lnL(ntime:166  np:167): -1120981.176930      +0.000000
 168..169 169..170 170..171 171..172 172..173 173..174 174..175 175..176 176..149 176..154 175..32  174..177 177..57  177..20  173..69  172..128 171..178 178..179 179..180 180..62  180..12  179..181 181..129 181..5   178..182 182..22  182..37  170..183 183..184 184..185 185..186 186..187 187..188 188..94  188..3   187..68  186..63  185..104 184..189 189..137 189..100 183..164 169..190 190..191 191..192 192..193 193..194 194..195 195..196 196..197 197..198 198..199 199..200 200..201 201..202 202..203 203..204 204..205 205..206 206..207 207..208 208..209 209..210 210..211 211..53  211..78  210..85  209..212 212..213 213..4   213..148 212..140 208..96  207..214 214..112 214..120 206..133 205..215 215..216 216..121 216..141 215..150 204..217 217..99  217..152 203..218 218..110 218..116 202..87  201..219 219..220 220..221 221..72  221..111 220..222 222..58  222..91  219..139 200..223 223..224 224..225 225..226 226..227 227..228 228..229 229..230 230..231 231..50  231..119 230..155 229..9   228..167 227..35  226..232 232..31  232..43  225..233 233..234 234..235 235..236 236..103 236..88  235..237 237..33  237..23  234..238 238..79  238..114 233..239 239..95  239..109 224..240 240..241 241..86  241..151 240..75  223..82  199..7   198..242 242..243 243..244 244..159 244..8   243..24  242..70  197..245 245..246 246..247 247..41  247..108 246..29  245..117 196..248 248..249 249..250 250..251 251..252 252..97  252..61  251..145 250..253 253..44  253..107 249..254 254..55  254..132 248..255 255..76  255..115 195..256 256..52  256..84  194..257 257..166 257..153 193..258 258..259 259..260 260..261 261..262 262..263 263..39  263..13  262..65  261..131 260..49  259..264 264..77  264..143 258..265 265..266 266..267 267..158 267..38  266..73  265..59  192..268 268..269 269..270 270..271 271..156 271..93  270..15  269..272 272..16  272..101 268..161 191..273 273..274 274..275 275..276 276..25  276..67  275..277 277..130 277..17  274..278 278..10  278..34  273..279 279..280 280..281 281..19  281..123 280..21  279..282 282..81  282..89  190..283 283..284 284..285 285..286 286..287 287..288 288..289 289..90  289..28  288..165 287..290 290..40  290..127 286..291 291..292 292..27  292..98  291..6   285..124 284..293 293..294 294..142 294..144 293..64  283..295 295..296 296..56  296..118 295..11  168..297 297..298 298..299 299..300 300..301 301..302 302..303 303..304 304..305 305..306 306..307 307..2   307..45  306..71  305..14  304..134 303..83  302..308 308..309 309..310 310..80  310..60  309..1   308..157 301..311 311..312 312..313 313..314 314..147 314..102 313..48  312..315 315..92  315..135 311..126 300..316 316..106 316..47  299..317 317..318 318..113 318..105 317..319 319..54  319..163 298..320 320..321 321..322 322..323 323..324 324..325 325..125 325..146 324..36  323..51  322..162 321..326 326..327 327..30  327..138 326..160 320..46  297..328 328..329 329..330 330..331 331..66  331..74  330..122 329..26  328..332 332..333 333..136 333..42  332..18 
 4.251981 3.718577 3.168581 2.891840 2.676987 2.519645 1.520159 1.058600 2.147815 1.415129 1.303907 0.152306 1.056141 0.922084 3.139260 2.210142 1.333500 0.658715 0.560417 0.423372 1.692295 4.015494 3.896401 3.236192 2.971323 2.515767 2.382504 2.285585 1.533313 1.381533 1.293026 1.263385 1.135578 0.840399 0.754666 0.690829 0.419418 0.386714 0.319781 0.156718 0.120696 0.093506 0.065111 0.100669 0.089642 0.084569 0.235596 0.197130 0.387238 0.138356 0.724156 0.240802 0.000906 0.021898 1.106316 0.712188 0.528748 0.196345 0.127207 0.037133 0.006505 0.002046 0.000711 0.157451 0.471059 0.439593 0.276256 0.089615 0.103558 0.327288 0.078310 0.296366 0.019688 0.693306 0.576876 0.301284 0.362843 0.290972 0.203363 1.608653 1.176842 0.740175 0.548331 0.269941 0.096697 0.050637 0.452820 0.002121 0.000003 2.741938 2.497963 1.179155 0.771891 0.355671 0.008592 1.306945 2.428881 0.826844 0.581277 3.006321 2.596721 1.318950 0.400100 0.004905 2.537772 2.210432 1.454152 0.043968 0.824338 0.126078 1.757418 0.357053 0.191761 0.988788 3.247619 2.892454 2.532713 1.778690 1.593805 0.980866 0.845000 0.863902 1.225265 0.337695 2.737815 2.472954 2.245927 0.006697 3.818795 3.693619 3.564069 3.244301 3.000308 2.752131 2.334580 2.075488 1.277305 0.360052 0.204184 1.712988 1.470174 1.199849 1.266948 1.153480 0.935095 0.737541 0.865467 1.086150 1.702273 0.596160 1.082087 3.207957 2.835052 1.344464 1.203912 0.900354 0.414468 1.836301 1.529474 0.699226 0.544773 0.352397 0.261405 0.331354 0.192834 0.173821 1.045951
SEs for parameters:
 0.022649 0.027675 0.027583 0.027881 0.026813 0.026373 0.023864 0.021018 0.031975 0.017247 0.017733 0.007493 0.018687 0.019292 0.034299 0.026114 0.021265 0.012432 0.011565 0.011040 0.028537 0.023605 0.024477 0.022446 0.021395 0.021366 0.020139 0.019417 0.013834 0.011586 0.010975 0.010949 0.012129 0.013132 0.013085 0.011351 0.008587 0.009001 0.009064 0.006259 0.004632 0.005433 0.004592 0.004920 0.006006 0.009860 0.011121 0.010847 0.017860 0.014971 0.015950 0.008818 0.000549 0.003068 0.013150 0.010484 0.008049 0.006422 0.005742 0.004293 0.001815 0.000856 0.000488 0.006450 0.007501 0.007604 0.007981 0.011364 0.005237 0.009873 0.005765 0.010133 0.002588 0.012919 0.012140 0.009529 0.009497 0.008256 0.007584 0.020864 0.019084 0.014422 0.014469 0.010695 0.005692 0.004773 0.013133 0.000987 0.023224 0.025097 0.029291 0.021938 0.020170 0.012885 0.002053 0.030753 0.044204 0.017033 0.016899 0.029641 0.033832 0.024420 0.014343 0.001430 0.026171 0.028599 0.024970 0.003850 0.022622 0.006715 0.025985 0.011525 0.011067 0.026520 0.033191 0.030632 0.037009 0.021690 0.022089 0.019566 0.022090 0.022979 0.028258 0.013421 0.038192 0.051191 0.038979 0.001828 0.023310 0.022120 0.023536 0.024031 0.023406 0.024553 0.027571 0.027224 0.022357 0.010100 0.007986 0.022561 0.021470 0.022711 0.016213 0.014536 0.014632 0.015214 0.018159 0.023546 0.024067 0.016732 0.021933 0.033528 0.031906 0.018927 0.017202 0.015385 0.011345 0.028081 0.027487 0.012952 0.011635 0.008914 0.008204 0.010369 0.008073 0.000841 0.005992

Note: mutation rate is not applied to tree length.  Tree has ages, for TreeView
tree length = 203.977927

(((((((((149: 1.058600, 154: 1.058600): 0.461559, 32: 1.520159): 0.999486, (57: 2.147815, 20: 2.147815): 0.371829): 0.157342, 69: 2.676987): 0.214853, 128: 2.891840): 0.276741, (((62: 0.152306, 12: 0.152306): 1.151601, (129: 1.056141, 5: 1.056141): 0.247766): 0.111222, (22: 0.922084, 37: 0.922084): 0.493045): 1.753452): 0.549996, ((((((94: 0.423372, 3: 0.423372): 0.137046, 68: 0.560417): 0.098297, 63: 0.658715): 0.674786, 104: 1.333500): 0.876642, (137: 1.692295, 100: 1.692295): 0.517847): 0.929118, 164: 3.139260): 0.579317): 0.533404, ((((((((((((((((((((((53: 0.065111, 78: 0.065111): 0.028395, 85: 0.093506): 0.027190, ((4: 0.089642, 148: 0.089642): 0.011028, 140: 0.100669): 0.020026): 0.036022, 96: 0.156718): 0.163063, (112: 0.084569, 120: 0.084569): 0.235212): 0.066933, 133: 0.386714): 0.032704, ((121: 0.197130, 141: 0.197130): 0.038466, 150: 0.235596): 0.183821): 0.271411, (99: 0.387238, 152: 0.387238): 0.303591): 0.063837, (110: 0.138356, 116: 0.138356): 0.616310): 0.085733, 87: 0.840399): 0.295179, (((72: 0.000906, 111: 0.000906): 0.239896, (58: 0.021898, 91: 0.021898): 0.218904): 0.483354, 139: 0.724156): 0.411422): 0.127808, (((((((((50: 0.000711, 119: 0.000711): 0.001335, 155: 0.002046): 0.004459, 9: 0.006505): 0.030628, 167: 0.037133): 0.090074, 35: 0.127207): 0.069138, (31: 0.157451, 43: 0.157451): 0.038894): 0.332403, ((((103: 0.089615, 88: 0.089615): 0.186641, (33: 0.103558, 23: 0.103558): 0.172697): 0.163337, (79: 0.327288, 114: 0.327288): 0.112305): 0.031466, (95: 0.078310, 109: 0.078310): 0.392749): 0.057689): 0.183440, ((86: 0.019688, 151: 0.019688): 0.276678, 75: 0.296366): 0.415822): 0.394129, 82: 1.106316): 0.157069): 0.029641, 7: 1.293026): 0.088507, (((159: 0.301284, 8: 0.301284): 0.275591, 24: 0.576876): 0.116430, 70: 0.693306): 0.688227): 0.151780, (((41: 0.203363, 108: 0.203363): 0.087609, 29: 0.290972): 0.071872, 117: 0.362843): 1.170469): 0.752272, (((((97: 0.269941, 61: 0.269941): 0.278390, 145: 0.548331): 0.191844, (44: 0.096697, 107: 0.096697): 0.643478): 0.436667, (55: 0.050637, 132: 0.050637): 1.126205): 0.431811, (76: 0.452820, 115: 0.452820): 1.155833): 0.676932): 0.096920, (52: 0.002121, 84: 0.002121): 2.380384): 0.133263, (166: 0.000003, 153: 0.000003): 2.515765): 0.455556, ((((((39: 0.008592, 13: 0.008592): 0.347079, 65: 0.355671): 0.416220, 131: 0.771891): 0.407264, 49: 1.179155): 1.318809, (77: 1.306945, 143: 1.306945): 1.191018): 0.243974, (((158: 0.581277, 38: 0.581277): 0.245567, 73: 0.826844): 1.602037, 59: 2.428881): 0.313057): 0.229385): 0.264869, ((((156: 0.400100, 93: 0.400100): 0.918850, 15: 1.318950): 1.277770, (16: 0.004905, 101: 0.004905): 2.591815): 0.409600, 161: 3.006321): 0.229871): 0.660209, ((((25: 0.043968, 67: 0.043968): 1.410184, (130: 0.824338, 17: 0.824338): 0.629815): 0.756279, (10: 0.126078, 34: 0.126078): 2.084354): 0.327340, (((19: 0.191761, 123: 0.191761): 0.165292, 21: 0.357053): 1.400366, (81: 0.988788, 89: 0.988788): 0.768631): 0.780354): 1.358629): 0.119093, (((((((90: 0.845000, 28: 0.845000): 0.135865, 165: 0.980866): 0.612940, (40: 0.863902, 127: 0.863902): 0.729904): 0.184885, ((27: 0.337695, 98: 0.337695): 0.887570, 6: 1.225265): 0.553425): 0.754023, 124: 2.532713): 0.359741, ((142: 2.472954, 144: 2.472954): 0.264861, 64: 2.737815): 0.154639): 0.355165, ((56: 0.006697, 118: 0.006697): 2.239230, 11: 2.245927): 1.001692): 0.767875): 0.236487): 0.128019, (((((((((((2: 0.204184, 45: 0.204184): 0.155868, 71: 0.360052): 0.917253, 14: 1.277305): 0.798182, 134: 2.075488): 0.259093, 83: 2.334580): 0.417551, (((80: 1.199849, 60: 1.199849): 0.270325, 1: 1.470174): 0.242813, 157: 1.712988): 1.039143): 0.248177, ((((147: 0.737541, 102: 0.737541): 0.197554, 48: 0.935095): 0.218385, (92: 0.865467, 135: 0.865467): 0.288012): 0.113468, 126: 1.266948): 1.733361): 0.243992, (106: 1.086150, 47: 1.086150): 2.158151): 0.319768, ((113: 0.596160, 105: 0.596160): 1.106113, (54: 1.082087, 163: 1.082087): 0.620186): 1.861796): 0.129550, ((((((125: 0.414468, 146: 0.414468): 0.485886, 36: 0.900354): 0.303558, 51: 1.203912): 0.140552, 162: 1.344464): 1.490588, ((30: 1.529474, 138: 1.529474): 0.306827, 160: 1.836301): 0.998751): 0.372905, 46: 3.207957): 0.485662): 0.125176, ((((66: 0.261405, 74: 0.261405): 0.090992, 122: 0.352397): 0.192376, 26: 0.544773): 0.154453, ((136: 0.192834, 42: 0.192834): 0.138520, 18: 0.331354): 0.367872): 3.119569): 0.561205);

(((((((((GNM13413: 1.058600, GNM13210: 1.058600): 0.461559, GNM12931: 1.520159): 0.999486, (GNM11023: 2.147815, GNM12125: 2.147815): 0.371829): 0.157342, GNM12126: 2.676987): 0.214853, GNM12128: 2.891840): 0.276741, (((GNM12996: 0.152306, GNM13018: 0.152306): 1.151601, (GNM12182: 1.056141, GNM11003: 1.056141): 0.247766): 0.111222, (GNM12938: 0.922084, GNM13027: 0.922084): 0.493045): 1.753452): 0.549996, ((((((GNM12906: 0.423372, GNM12903: 0.423372): 0.137046, GNM12909: 0.560417): 0.098297, GNM12907: 0.658715): 0.674786, GNM13208: 1.333500): 0.876642, (GNM11146: 1.692295, GNM14959: 1.692295): 0.517847): 0.929118, GNM13118: 3.139260): 0.579317): 0.533404, ((((((((((((((((((((((GNM14990: 0.065111, GNM15005: 0.065111): 0.028395, GNM14971: 0.093506): 0.027190, ((GNM15013: 0.089642, GNM15022: 0.089642): 0.011028, GNM13960: 0.100669): 0.020026): 0.036022, GNM14976: 0.156718): 0.163063, (GNM15028: 0.084569, GNM15003: 0.084569): 0.235212): 0.066933, GNM14999: 0.386714): 0.032704, ((GNM14992: 0.197130, GNM15014: 0.197130): 0.038466, GNM11799: 0.235596): 0.183821): 0.271411, (GNM15025: 0.387238, GNM15026: 0.387238): 0.303591): 0.063837, (GNM15017: 0.138356, GNM14995: 0.138356): 0.616310): 0.085733, GNM14055: 0.840399): 0.295179, (((GNM11367: 0.000906, GNM13982: 0.000906): 0.239896, (GNM14853: 0.021898, GNM14633: 0.021898): 0.218904): 0.483354, GNM13515: 0.724156): 0.411422): 0.127808, (((((((((GNM15000: 0.000711, GNM15024: 0.000711): 0.001335, GNM14980: 0.002046): 0.004459, GNM15018: 0.006505): 0.030628, GNM15001: 0.037133): 0.090074, GNM12869: 0.127207): 0.069138, (GNM14252: 0.157451, GNM14249: 0.157451): 0.038894): 0.332403, ((((GNM15019: 0.089615, GNM14994: 0.089615): 0.186641, (GNM14748: 0.103558, GNM13795: 0.103558): 0.172697): 0.163337, (GNM13928: 0.327288, GNM14837: 0.327288): 0.112305): 0.031466, (GNM11375: 0.078310, GNM13760: 0.078310): 0.392749): 0.057689): 0.183440, ((GNM13455: 0.019688, GNM11360: 0.019688): 0.276678, GNM12849: 0.296366): 0.415822): 0.394129, GNM11491: 1.106316): 0.157069): 0.029641, GNM13046: 1.293026): 0.088507, (((GNM11381: 0.301284, GNM11383: 0.301284): 0.275591, GNM14366: 0.576876): 0.116430, GNM11382: 0.693306): 0.688227): 0.151780, (((GNM12896: 0.203363, GNM11380: 0.203363): 0.087609, GNM12897: 0.290972): 0.071872, GNM14166: 0.362843): 1.170469): 0.752272, (((((GNM12886: 0.269941, GNM13680: 0.269941): 0.278390, GNM12883: 0.548331): 0.191844, (GNM11377: 0.096697, GNM14872: 0.096697): 0.643478): 0.436667, (GNM14965: 0.050637, GNM12892: 0.050637): 1.126205): 0.431811, (GNM13855: 0.452820, GNM11358: 0.452820): 1.155833): 0.676932): 0.096920, (GNM12895: 0.002121, GNM14450: 0.002121): 2.380384): 0.133263, (GNM11363: 0.000003, GNM11362: 0.000003): 2.515765): 0.455556, ((((((GNM13993: 0.008592, GNM13064: 0.008592): 0.347079, GNM13066: 0.355671): 0.416220, GNM14030: 0.771891): 0.407264, GNM13745: 1.179155): 1.318809, (GNM14445: 1.306945, GNM13053: 1.306945): 1.191018): 0.243974, (((GNM14715: 0.581277, GNM13062: 0.581277): 0.245567, GNM14483: 0.826844): 1.602037, GNM15027: 2.428881): 0.313057): 0.229385): 0.264869, ((((GNM13746: 0.400100, GNM13060: 0.400100): 0.918850, GNM13061: 1.318950): 1.277770, (GNM13297: 0.004905, GNM13538: 0.004905): 2.591815): 0.409600, GNM14639: 3.006321): 0.229871): 0.660209, ((((GNM14768: 0.043968, GNM14776: 0.043968): 1.410184, (GNM13671: 0.824338, GNM14593: 0.824338): 0.629815): 0.756279, (GNM13876: 0.126078, GNM13677: 0.126078): 2.084354): 0.327340, (((GNM11034: 0.191761, GNM14938: 0.191761): 0.165292, GNM13825: 0.357053): 1.400366, (GNM14339: 0.988788, GNM11032: 0.988788): 0.768631): 0.780354): 1.358629): 0.119093, (((((((GNM14138: 0.845000, GNM14640: 0.845000): 0.135865, GNM14246: 0.980866): 0.612940, (GNM12773: 0.863902, GNM14174: 0.863902): 0.729904): 0.184885, ((GNM11223: 0.337695, GNM11224: 0.337695): 0.887570, GNM11225: 1.225265): 0.553425): 0.754023, GNM11219: 2.532713): 0.359741, ((GNM12769: 2.472954, GNM11222: 2.472954): 0.264861, GNM12768: 2.737815): 0.154639): 0.355165, ((GNM14545: 0.006697, GNM14404: 0.006697): 2.239230, GNM11220: 2.245927): 1.001692): 0.767875): 0.236487): 0.128019, (((((((((((GNM12665: 0.204184, GNM12596: 0.204184): 0.155868, GNM12602: 0.360052): 0.917253, GNM12351: 1.277305): 0.798182, GNM12592: 2.075488): 0.259093, GNM12346: 2.334580): 0.417551, (((GNM12554: 1.199849, GNM12385: 1.199849): 0.270325, GNM12749: 1.470174): 0.242813, GNM12373: 1.712988): 1.039143): 0.248177, ((((GNM12040: 0.737541, GNM14865: 0.737541): 0.197554, GNM12071: 0.935095): 0.218385, (GNM11841: 0.865467, GNM12841: 0.865467): 0.288012): 0.113468, GNM11931: 1.266948): 1.733361): 0.243992, (GNM11055: 1.086150, GNM11804: 1.086150): 2.158151): 0.319768, ((GNM13128: 0.596160, GNM13126: 0.596160): 1.106113, (GNM11805: 1.082087, GNM12902: 1.082087): 0.620186): 1.861796): 0.129550, ((((((GNM12366: 0.414468, GNM12357: 0.414468): 0.485886, GNM12356: 0.900354): 0.303558, GNM12766: 1.203912): 0.140552, GNM12342: 1.344464): 1.490588, ((GNM12745: 1.529474, GNM12758: 1.529474): 0.306827, GNM12763: 1.836301): 0.998751): 0.372905, GNM12551: 3.207957): 0.485662): 0.125176, ((((GNM10010: 0.261405, GNM10014: 0.261405): 0.090992, GNM13090: 0.352397): 0.192376, GNM13074: 0.544773): 0.154453, ((GNM12918: 0.192834, GNM12915: 0.192834): 0.138520, GNM10046: 0.331354): 0.367872): 3.119569): 0.561205);

(((((((((149_GNM13413, 154_GNM13210) 176 , 32_GNM12931) 175 , (57_GNM11023, 20_GNM12125) 177 ) 174 , 69_GNM12126) 173 , 128_GNM12128) 172 , (((62_GNM12996, 12_GNM13018) 180 , (129_GNM12182, 5_GNM11003) 181 ) 179 , (22_GNM12938, 37_GNM13027) 182 ) 178 ) 171 , ((((((94_GNM12906, 3_GNM12903) 188 , 68_GNM12909) 187 , 63_GNM12907) 186 , 104_GNM13208) 185 , (137_GNM11146, 100_GNM14959) 189 ) 184 , 164_GNM13118) 183 ) 170 , ((((((((((((((((((((((53_GNM14990, 78_GNM15005) 211 , 85_GNM14971) 210 , ((4_GNM15013, 148_GNM15022) 213 , 140_GNM13960) 212 ) 209 , 96_GNM14976) 208 , (112_GNM15028, 120_GNM15003) 214 ) 207 , 133_GNM14999) 206 , ((121_GNM14992, 141_GNM15014) 216 , 150_GNM11799) 215 ) 205 , (99_GNM15025, 152_GNM15026) 217 ) 204 , (110_GNM15017, 116_GNM14995) 218 ) 203 , 87_GNM14055) 202 , (((72_GNM11367, 111_GNM13982) 221 , (58_GNM14853, 91_GNM14633) 222 ) 220 , 139_GNM13515) 219 ) 201 , (((((((((50_GNM15000, 119_GNM15024) 231 , 155_GNM14980) 230 , 9_GNM15018) 229 , 167_GNM15001) 228 , 35_GNM12869) 227 , (31_GNM14252, 43_GNM14249) 232 ) 226 , ((((103_GNM15019, 88_GNM14994) 236 , (33_GNM14748, 23_GNM13795) 237 ) 235 , (79_GNM13928, 114_GNM14837) 238 ) 234 , (95_GNM11375, 109_GNM13760) 239 ) 233 ) 225 , ((86_GNM13455, 151_GNM11360) 241 , 75_GNM12849) 240 ) 224 , 82_GNM11491) 223 ) 200 , 7_GNM13046) 199 , (((159_GNM11381, 8_GNM11383) 244 , 24_GNM14366) 243 , 70_GNM11382) 242 ) 198 , (((41_GNM12896, 108_GNM11380) 247 , 29_GNM12897) 246 , 117_GNM14166) 245 ) 197 , (((((97_GNM12886, 61_GNM13680) 252 , 145_GNM12883) 251 , (44_GNM11377, 107_GNM14872) 253 ) 250 , (55_GNM14965, 132_GNM12892) 254 ) 249 , (76_GNM13855, 115_GNM11358) 255 ) 248 ) 196 , (52_GNM12895, 84_GNM14450) 256 ) 195 , (166_GNM11363, 153_GNM11362) 257 ) 194 , ((((((39_GNM13993, 13_GNM13064) 263 , 65_GNM13066) 262 , 131_GNM14030) 261 , 49_GNM13745) 260 , (77_GNM14445, 143_GNM13053) 264 ) 259 , (((158_GNM14715, 38_GNM13062) 267 , 73_GNM14483) 266 , 59_GNM15027) 265 ) 258 ) 193 , ((((156_GNM13746, 93_GNM13060) 271 , 15_GNM13061) 270 , (16_GNM13297, 101_GNM13538) 272 ) 269 , 161_GNM14639) 268 ) 192 , ((((25_GNM14768, 67_GNM14776) 276 , (130_GNM13671, 17_GNM14593) 277 ) 275 , (10_GNM13876, 34_GNM13677) 278 ) 274 , (((19_GNM11034, 123_GNM14938) 281 , 21_GNM13825) 280 , (81_GNM14339, 89_GNM11032) 282 ) 279 ) 273 ) 191 , (((((((90_GNM14138, 28_GNM14640) 289 , 165_GNM14246) 288 , (40_GNM12773, 127_GNM14174) 290 ) 287 , ((27_GNM11223, 98_GNM11224) 292 , 6_GNM11225) 291 ) 286 , 124_GNM11219) 285 , ((142_GNM12769, 144_GNM11222) 294 , 64_GNM12768) 293 ) 284 , ((56_GNM14545, 118_GNM14404) 296 , 11_GNM11220) 295 ) 283 ) 190 ) 169 , (((((((((((2_GNM12665, 45_GNM12596) 307 , 71_GNM12602) 306 , 14_GNM12351) 305 , 134_GNM12592) 304 , 83_GNM12346) 303 , (((80_GNM12554, 60_GNM12385) 310 , 1_GNM12749) 309 , 157_GNM12373) 308 ) 302 , ((((147_GNM12040, 102_GNM14865) 314 , 48_GNM12071) 313 , (92_GNM11841, 135_GNM12841) 315 ) 312 , 126_GNM11931) 311 ) 301 , (106_GNM11055, 47_GNM11804) 316 ) 300 , ((113_GNM13128, 105_GNM13126) 318 , (54_GNM11805, 163_GNM12902) 319 ) 317 ) 299 , ((((((125_GNM12366, 146_GNM12357) 325 , 36_GNM12356) 324 , 51_GNM12766) 323 , 162_GNM12342) 322 , ((30_GNM12745, 138_GNM12758) 327 , 160_GNM12763) 326 ) 321 , 46_GNM12551) 320 ) 298 , ((((66_GNM10010, 74_GNM10014) 331 , 122_GNM13090) 330 , 26_GNM13074) 329 , ((136_GNM12918, 42_GNM12915) 333 , 18_GNM10046) 332 ) 328 ) 297 ) 168 ;

Detailed output identifying parameters

Substitution rate is per time unit
    0.173821 +- 0.000841

Nodes and Times
(JeffNode is for Thorne's multidivtime.  ML analysis uses ingroup data only.)

Node 168 (Jeffnode 332) Time   4.38000
Node 169 (Jeffnode 331) Time   4.25198 +- 0.02265
Node 170 (Jeffnode 330) Time   3.71858 +- 0.02767
Node 171 (Jeffnode 329) Time   3.16858 +- 0.02758
Node 172 (Jeffnode 328) Time   2.89184 +- 0.02788
Node 173 (Jeffnode 327) Time   2.67699 +- 0.02681
Node 174 (Jeffnode 326) Time   2.51964 +- 0.02637
Node 175 (Jeffnode 325) Time   1.52016 +- 0.02386
Node 176 (Jeffnode 324) Time   1.05860 +- 0.02102
Node 177 (Jeffnode 323) Time   2.14782 +- 0.03197
Node 178 (Jeffnode 322) Time   1.41513 +- 0.01725
Node 179 (Jeffnode 321) Time   1.30391 +- 0.01773
Node 180 (Jeffnode 320) Time   0.15231 +- 0.00749
Node 181 (Jeffnode 319) Time   1.05614 +- 0.01869
Node 182 (Jeffnode 318) Time   0.92208 +- 0.01929
Node 183 (Jeffnode 317) Time   3.13926 +- 0.03430
Node 184 (Jeffnode 316) Time   2.21014 +- 0.02611
Node 185 (Jeffnode 315) Time   1.33350 +- 0.02127
Node 186 (Jeffnode 314) Time   0.65871 +- 0.01243
Node 187 (Jeffnode 313) Time   0.56042 +- 0.01156
Node 188 (Jeffnode 312) Time   0.42337 +- 0.01104
Node 189 (Jeffnode 311) Time   1.69230 +- 0.02854
Node 190 (Jeffnode 310) Time   4.01549 +- 0.02361
Node 191 (Jeffnode 309) Time   3.89640 +- 0.02448
Node 192 (Jeffnode 308) Time   3.23619 +- 0.02245
Node 193 (Jeffnode 307) Time   2.97132 +- 0.02140
Node 194 (Jeffnode 306) Time   2.51577 +- 0.02137
Node 195 (Jeffnode 305) Time   2.38250 +- 0.02014
Node 196 (Jeffnode 304) Time   2.28558 +- 0.01942
Node 197 (Jeffnode 303) Time   1.53331 +- 0.01383
Node 198 (Jeffnode 302) Time   1.38153 +- 0.01159
Node 199 (Jeffnode 301) Time   1.29303 +- 0.01097
Node 200 (Jeffnode 300) Time   1.26339 +- 0.01095
Node 201 (Jeffnode 299) Time   1.13558 +- 0.01213
Node 202 (Jeffnode 298) Time   0.84040 +- 0.01313
Node 203 (Jeffnode 297) Time   0.75467 +- 0.01309
Node 204 (Jeffnode 296) Time   0.69083 +- 0.01135
Node 205 (Jeffnode 295) Time   0.41942 +- 0.00859
Node 206 (Jeffnode 294) Time   0.38671 +- 0.00900
Node 207 (Jeffnode 293) Time   0.31978 +- 0.00906
Node 208 (Jeffnode 292) Time   0.15672 +- 0.00626
Node 209 (Jeffnode 291) Time   0.12070 +- 0.00463
Node 210 (Jeffnode 290) Time   0.09351 +- 0.00543
Node 211 (Jeffnode 289) Time   0.06511 +- 0.00459
Node 212 (Jeffnode 288) Time   0.10067 +- 0.00492
Node 213 (Jeffnode 287) Time   0.08964 +- 0.00601
Node 214 (Jeffnode 286) Time   0.08457 +- 0.00986
Node 215 (Jeffnode 285) Time   0.23560 +- 0.01112
Node 216 (Jeffnode 284) Time   0.19713 +- 0.01085
Node 217 (Jeffnode 283) Time   0.38724 +- 0.01786
Node 218 (Jeffnode 282) Time   0.13836 +- 0.01497
Node 219 (Jeffnode 281) Time   0.72416 +- 0.01595
Node 220 (Jeffnode 280) Time   0.24080 +- 0.00882
Node 221 (Jeffnode 279) Time   0.00091 +- 0.00055
Node 222 (Jeffnode 278) Time   0.02190 +- 0.00307
Node 223 (Jeffnode 277) Time   1.10632 +- 0.01315
Node 224 (Jeffnode 276) Time   0.71219 +- 0.01048
Node 225 (Jeffnode 275) Time   0.52875 +- 0.00805
Node 226 (Jeffnode 274) Time   0.19634 +- 0.00642
Node 227 (Jeffnode 273) Time   0.12721 +- 0.00574
Node 228 (Jeffnode 272) Time   0.03713 +- 0.00429
Node 229 (Jeffnode 271) Time   0.00650 +- 0.00182
Node 230 (Jeffnode 270) Time   0.00205 +- 0.00086
Node 231 (Jeffnode 269) Time   0.00071 +- 0.00049
Node 232 (Jeffnode 268) Time   0.15745 +- 0.00645
Node 233 (Jeffnode 267) Time   0.47106 +- 0.00750
Node 234 (Jeffnode 266) Time   0.43959 +- 0.00760
Node 235 (Jeffnode 265) Time   0.27626 +- 0.00798
Node 236 (Jeffnode 264) Time   0.08961 +- 0.01136
Node 237 (Jeffnode 263) Time   0.10356 +- 0.00524
Node 238 (Jeffnode 262) Time   0.32729 +- 0.00987
Node 239 (Jeffnode 261) Time   0.07831 +- 0.00577
Node 240 (Jeffnode 260) Time   0.29637 +- 0.01013
Node 241 (Jeffnode 259) Time   0.01969 +- 0.00259
Node 242 (Jeffnode 258) Time   0.69331 +- 0.01292
Node 243 (Jeffnode 257) Time   0.57688 +- 0.01214
Node 244 (Jeffnode 256) Time   0.30128 +- 0.00953
Node 245 (Jeffnode 255) Time   0.36284 +- 0.00950
Node 246 (Jeffnode 254) Time   0.29097 +- 0.00826
Node 247 (Jeffnode 253) Time   0.20336 +- 0.00758
Node 248 (Jeffnode 252) Time   1.60865 +- 0.02086
Node 249 (Jeffnode 251) Time   1.17684 +- 0.01908
Node 250 (Jeffnode 250) Time   0.74017 +- 0.01442
Node 251 (Jeffnode 249) Time   0.54833 +- 0.01447
Node 252 (Jeffnode 248) Time   0.26994 +- 0.01069
Node 253 (Jeffnode 247) Time   0.09670 +- 0.00569
Node 254 (Jeffnode 246) Time   0.05064 +- 0.00477
Node 255 (Jeffnode 245) Time   0.45282 +- 0.01313
Node 256 (Jeffnode 244) Time   0.00212 +- 0.00099
Node 257 (Jeffnode 243) Time   0.00000 +- 0.02322
Node 258 (Jeffnode 242) Time   2.74194 +- 0.02510
Node 259 (Jeffnode 241) Time   2.49796 +- 0.02929
Node 260 (Jeffnode 240) Time   1.17915 +- 0.02194
Node 261 (Jeffnode 239) Time   0.77189 +- 0.02017
Node 262 (Jeffnode 238) Time   0.35567 +- 0.01288
Node 263 (Jeffnode 237) Time   0.00859 +- 0.00205
Node 264 (Jeffnode 236) Time   1.30694 +- 0.03075
Node 265 (Jeffnode 235) Time   2.42888 +- 0.04420
Node 266 (Jeffnode 234) Time   0.82684 +- 0.01703
Node 267 (Jeffnode 233) Time   0.58128 +- 0.01690
Node 268 (Jeffnode 232) Time   3.00632 +- 0.02964
Node 269 (Jeffnode 231) Time   2.59672 +- 0.03383
Node 270 (Jeffnode 230) Time   1.31895 +- 0.02442
Node 271 (Jeffnode 229) Time   0.40010 +- 0.01434
Node 272 (Jeffnode 228) Time   0.00491 +- 0.00143
Node 273 (Jeffnode 227) Time   2.53777 +- 0.02617
Node 274 (Jeffnode 226) Time   2.21043 +- 0.02860
Node 275 (Jeffnode 225) Time   1.45415 +- 0.02497
Node 276 (Jeffnode 224) Time   0.04397 +- 0.00385
Node 277 (Jeffnode 223) Time   0.82434 +- 0.02262
Node 278 (Jeffnode 222) Time   0.12608 +- 0.00672
Node 279 (Jeffnode 221) Time   1.75742 +- 0.02599
Node 280 (Jeffnode 220) Time   0.35705 +- 0.01152
Node 281 (Jeffnode 219) Time   0.19176 +- 0.01107
Node 282 (Jeffnode 218) Time   0.98879 +- 0.02652
Node 283 (Jeffnode 217) Time   3.24762 +- 0.03319
Node 284 (Jeffnode 216) Time   2.89245 +- 0.03063
Node 285 (Jeffnode 215) Time   2.53271 +- 0.03701
Node 286 (Jeffnode 214) Time   1.77869 +- 0.02169
Node 287 (Jeffnode 213) Time   1.59381 +- 0.02209
Node 288 (Jeffnode 212) Time   0.98087 +- 0.01957
Node 289 (Jeffnode 211) Time   0.84500 +- 0.02209
Node 290 (Jeffnode 210) Time   0.86390 +- 0.02298
Node 291 (Jeffnode 209) Time   1.22527 +- 0.02826
Node 292 (Jeffnode 208) Time   0.33769 +- 0.01342
Node 293 (Jeffnode 207) Time   2.73781 +- 0.03819
Node 294 (Jeffnode 206) Time   2.47295 +- 0.05119
Node 295 (Jeffnode 205) Time   2.24593 +- 0.03898
Node 296 (Jeffnode 204) Time   0.00670 +- 0.00183
Node 297 (Jeffnode 203) Time   3.81880 +- 0.02331
Node 298 (Jeffnode 202) Time   3.69362 +- 0.02212
Node 299 (Jeffnode 201) Time   3.56407 +- 0.02354
Node 300 (Jeffnode 200) Time   3.24430 +- 0.02403
Node 301 (Jeffnode 199) Time   3.00031 +- 0.02341
Node 302 (Jeffnode 198) Time   2.75213 +- 0.02455
Node 303 (Jeffnode 197) Time   2.33458 +- 0.02757
Node 304 (Jeffnode 196) Time   2.07549 +- 0.02722
Node 305 (Jeffnode 195) Time   1.27731 +- 0.02236
Node 306 (Jeffnode 194) Time   0.36005 +- 0.01010
Node 307 (Jeffnode 193) Time   0.20418 +- 0.00799
Node 308 (Jeffnode 192) Time   1.71299 +- 0.02256
Node 309 (Jeffnode 191) Time   1.47017 +- 0.02147
Node 310 (Jeffnode 190) Time   1.19985 +- 0.02271
Node 311 (Jeffnode 189) Time   1.26695 +- 0.01621
Node 312 (Jeffnode 188) Time   1.15348 +- 0.01454
Node 313 (Jeffnode 187) Time   0.93509 +- 0.01463
Node 314 (Jeffnode 186) Time   0.73754 +- 0.01521
Node 315 (Jeffnode 185) Time   0.86547 +- 0.01816
Node 316 (Jeffnode 184) Time   1.08615 +- 0.02355
Node 317 (Jeffnode 183) Time   1.70227 +- 0.02407
Node 318 (Jeffnode 182) Time   0.59616 +- 0.01673
Node 319 (Jeffnode 181) Time   1.08209 +- 0.02193
Node 320 (Jeffnode 180) Time   3.20796 +- 0.03353
Node 321 (Jeffnode 179) Time   2.83505 +- 0.03191
Node 322 (Jeffnode 178) Time   1.34446 +- 0.01893
Node 323 (Jeffnode 177) Time   1.20391 +- 0.01720
Node 324 (Jeffnode 176) Time   0.90035 +- 0.01538
Node 325 (Jeffnode 175) Time   0.41447 +- 0.01135
Node 326 (Jeffnode 174) Time   1.83630 +- 0.02808
Node 327 (Jeffnode 173) Time   1.52947 +- 0.02749
Node 328 (Jeffnode 172) Time   0.69923 +- 0.01295
Node 329 (Jeffnode 171) Time   0.54477 +- 0.01163
Node 330 (Jeffnode 170) Time   0.35240 +- 0.00891
Node 331 (Jeffnode 169) Time   0.26140 +- 0.00820
Node 332 (Jeffnode 168) Time   0.33135 +- 0.01037
Node 333 (Jeffnode 167) Time   0.19283 +- 0.00807

alpha (gamma, K = 5) =  1.04595
rate:   0.11559  0.37352  0.71177  1.22601  2.57312
freq:   0.20000  0.20000  0.20000  0.20000  0.20000

Tree comparisons (Kishino & Hasegawa 1989; Shimodaira & Hasegawa 1999)
Number of replicates: 10000

Time used: 82:06:24
